DayAheadPrice: [
80.79
78.48
76.84
74.52
74.97
81.57
92.82
98.95
101.96
103.61
103.94
103.94
103.38
103.16
104.32
112.25
117.39
115.70
111.58
106.28
99.69
92.02
84.47
81.35
80.34
78.11
76.57
74.42
74.99
81.77
93.13
99.69
103.11
105.12
105.76
105.91
105.31
105.06
106.27
113.57
117.86
116.64
112.73
107.38
100.94
93.18
85.48
82.46
81.49
79.21
77.67
75.45
75.92
82.57
93.77
100.37
103.75
105.59
106.05
106.07
105.27
105.09
106.43
113.99
118.49
117.35
113.46
108.21
101.77
94.39
86.57
83.28
82.18
79.90
78.42
76.15
76.60
83.24
94.48
101.03
104.36
106.19
106.77
106.81
106.18
106.03
107.34
114.75
119.32
117.64
113.78
108.47
102.04
94.34
86.46
83.12
82.02
79.94
78.52
76.27
76.61
83.35
94.72
101.53
104.72
106.46
106.98
107.20
106.78
106.83
108.28
115.35
119.13
117.82
114.07
108.88
102.31
94.40
86.20
82.70
81.78
79.71
78.08
75.99
76.83
84.32
97.13
104.11
106.53
107.90
108.69
109.34
109.07
108.99
110.03
116.71
120.18
118.59
114.89
109.61
102.64
94.20
85.89
82.23
81.36
79.16
77.51
75.16
75.96
83.76
97.02
104.55
107.00
108.12
108.35
108.44
107.90
107.96
109.36
116.21
120.09
118.69
114.81
109.48
102.78
94.86
86.90
83.51
82.41
79.93
78.13
75.74
76.20
82.66
93.61
100.36
103.77
105.59
105.95
105.95
105.39
105.30
106.58
113.71
118.47
117.14
113.32
108.26
101.80
94.27
86.61
83.26
81.98
79.68
78.07
75.68
76.02
82.38
92.94
99.58
103.25
105.37
106.24
106.56
105.90
105.51
106.50
113.56
118.48
116.84
112.63
107.60
101.27
93.85
86.46
83.39
82.26
79.92
78.60
76.46
76.89
82.87
92.85
99.57
103.64
105.81
106.45
106.53
106.00
105.94
107.21
114.00
118.60
117.04
112.90
107.78
101.58
93.98
86.49
83.20
82.00
79.62
78.15
75.86
76.15
82.04
91.80
98.94
103.54
105.74
106.40
106.53
106.00
105.88
107.00
113.29
117.63
116.23
112.30
107.38
101.25
93.77
86.48
83.10
81.74
79.27
77.61
75.19
75.31
80.85
90.09
97.60
102.89
105.35
106.10
106.46
106.06
105.80
106.69
112.08
116.02
114.58
110.58
105.78
99.91
92.79
85.24
81.79
80.48
77.97
76.33
74.11
74.52
80.46
90.24
97.58
102.37
104.16
104.49
104.32
103.49
103.25
104.24
110.20
115.19
114.01
110.16
105.30
99.39
92.24
84.90
81.52
79.97
77.21
75.37
73.15
73.68
79.33
88.20
95.81
101.20
103.33
103.91
104.02
103.41
102.96
103.59
108.25
112.56
111.75
107.80
102.99
97.03
90.45
83.66
80.29
73.65
72.33
70.95
70.93
75.35
83.09
89.68
93.17
94.84
95.22
95.04
93.63
92.15
90.90
91.53
93.19
93.35
93.65
96.43
93.30
86.40
78.54
72.39
72.05
73.16
72.09
70.85
71.08
76.20
84.77
91.76
95.33
96.73
96.89
96.76
95.39
94.22
93.26
93.83
95.49
95.61
95.83
97.92
94.19
87.08
79.03
72.83
72.34
73.37
72.23
70.83
70.97
75.95
84.48
91.36
94.58
96.15
96.86
97.09
95.82
94.34
93.14
93.60
94.93
94.80
94.73
96.75
93.36
86.40
78.63
72.26
71.83
72.89
71.71
70.28
70.20
74.17
81.31
87.93
91.92
93.98
94.66
94.79
93.56
92.07
91.16
91.84
93.64
93.74
93.60
95.50
92.23
85.45
77.70
71.48
71.15
72.17
70.92
69.61
69.89
74.79
82.95
89.91
93.88
95.42
95.73
95.53
94.18
92.83
91.92
92.52
94.01
93.83
93.55
95.95
93.20
86.30
78.54
72.22
71.76
72.96
71.85
70.50
70.88
75.80
84.11
90.76
94.19
95.63
96.08
96.23
95.08
93.92
93.12
94.03
95.63
94.95
94.28
96.36
93.67
86.43
78.06
71.50
70.85
71.99
70.81
69.48
70.10
75.84
85.47
92.64
95.52
96.32
96.39
96.04
94.66
93.46
92.50
93.08
94.49
93.86
93.26
95.72
93.46
86.66
78.63
72.09
71.16
71.77
70.49
69.15
69.56
74.01
82.19
89.21
92.83
94.10
94.18
94.03
92.66
91.23
90.23
90.59
92.02
91.81
91.35
93.23
90.63
84.20
76.98
70.82
70.01
70.51
69.05
67.73
67.70
70.89
77.09
83.51
87.80
89.83
90.27
90.14
88.91
87.58
86.85
87.72
89.99
90.47
90.12
91.79
89.54
83.36
76.05
69.96
69.18
69.76
68.45
67.28
67.77
72.11
80.33
87.57
91.37
92.81
93.22
93.34
92.12
90.68
89.71
90.29
91.86
91.65
91.12
92.88
91.13
84.66
76.93
70.57
69.74
70.39
69.05
67.78
68.34
72.70
81.16
88.40
92.21
93.74
94.16
94.08
92.68
91.03
90.05
90.56
92.14
91.84
91.00
92.67
91.23
84.88
77.35
71.16
70.24
70.78
69.42
68.10
68.28
71.72
79.03
85.72
89.61
91.30
91.74
91.64
90.43
89.08
88.35
89.37
91.42
91.50
90.90
92.47
90.62
83.89
76.00
69.64
68.89
69.56
68.27
67.18
68.02
72.98
82.28
89.75
93.40
94.83
95.45
95.53
94.42
93.24
92.43
93.01
94.44
93.85
92.89
94.47
92.84
85.89
77.65
71.34
70.31
70.81
69.52
68.39
69.23
74.49
84.43
91.94
95.12
95.74
95.44
95.11
93.62
92.34
91.42
92.08
93.70
93.29
92.21
93.26
91.93
85.26
77.18
70.58
69.48
62.94
61.67
60.64
60.20
65.40
75.10
82.75
86.89
88.76
89.52
89.61
88.65
87.52
86.88
88.01
88.72
87.25
84.96
82.50
80.79
79.48
73.31
66.88
63.76
62.14
61.07
60.35
60.08
65.45
75.31
83.07
87.18
89.22
90.18
90.24
89.12
87.91
87.18
88.21
89.05
87.35
85.03
82.61
80.78
79.51
73.39
66.85
63.61
61.78
60.55
59.72
59.27
64.54
74.12
81.64
85.67
87.83
88.70
88.95
87.96
86.93
86.33
87.43
88.51
87.05
84.97
82.57
81.11
79.77
73.49
67.11
64.06
62.33
61.19
60.47
60.10
65.25
74.98
82.60
86.76
88.69
89.60
89.76
88.71
87.51
86.87
87.94
88.77
87.30
85.29
82.77
81.20
80.00
73.82
67.30
64.13
62.26
61.12
60.42
60.09
65.32
75.11
82.84
86.92
88.78
89.61
89.82
88.71
87.55
86.95
88.16
89.02
87.36
85.17
82.63
81.11
79.80
73.24
66.56
63.49
61.85
60.81
60.34
60.18
66.03
76.77
84.70
88.64
90.45
91.37
91.86
91.12
90.11
89.48
90.83
91.36
89.45
86.77
84.08
82.70
81.04
74.16
67.45
64.33
62.73
61.62
61.13
61.08
67.13
78.14
86.20
90.09
91.60
92.20
92.42
91.58
90.47
89.68
90.72
91.53
89.66
87.09
84.35
82.72
81.18
74.65
67.96
64.64
62.74
61.57
60.87
60.30
65.37
74.77
82.28
86.26
88.09
89.11
89.42
88.36
87.10
86.40
87.44
88.29
86.74
84.61
82.26
80.92
79.99
73.98
67.29
63.98
62.26
61.08
60.43
59.93
65.04
74.68
82.48
86.71
88.54
89.48
89.83
88.89
87.77
87.20
88.16
89.03
87.57
85.34
82.91
81.52
80.12
73.79
67.27
64.07
62.38
61.20
60.57
60.15
65.17
74.60
82.24
86.26
88.20
89.11
89.42
88.54
87.35
86.75
87.78
88.70
87.47
85.49
83.09
81.73
80.11
73.84
67.31
64.12
62.33
61.20
60.69
60.30
65.16
74.62
82.38
86.56
88.43
89.30
89.50
88.68
87.37
86.71
87.87
88.85
87.33
85.11
82.83
81.66
80.11
73.51
67.03
63.88
62.22
61.15
60.63
60.20
65.23
74.96
82.74
86.73
88.56
89.46
89.69
88.80
87.71
87.20
88.47
89.53
88.15
85.88
83.33
82.06
80.33
73.58
67.00
63.85
62.25
61.17
60.75
60.59
66.22
76.79
84.60
88.27
89.85
90.77
91.08
90.25
89.26
88.70
90.13
91.04
89.30
86.96
84.48
82.98
80.98
74.04
67.35
64.26
62.64
61.63
61.25
61.18
67.03
77.83
85.84
89.58
91.09
91.83
91.92
90.87
89.72
89.05
90.18
90.92
89.07
86.42
83.87
82.61
80.76
73.92
67.26
63.94
63.09
61.94
61.53
62.68
68.99
78.74
85.55
88.76
90.24
90.77
90.94
89.98
88.82
88.17
89.91
92.10
92.46
94.76
93.50
87.96
80.90
72.78
66.39
63.93
62.92
61.76
61.36
62.35
68.82
78.78
85.57
88.90
90.59
91.32
91.42
90.39
88.94
88.15
89.76
91.69
92.27
95.14
93.39
87.56
80.36
72.30
66.05
63.67
62.69
61.57
61.07
62.37
68.68
78.63
85.26
88.50
89.97
90.49
90.80
89.91
88.80
88.18
89.93
92.17
92.94
95.94
94.16
88.47
81.35
73.20
66.79
64.62
63.67
62.54
62.04
63.28
69.79
80.10
86.79
89.82
91.18
91.77
91.90
90.79
89.59
88.96
90.73
92.82
93.75
96.76
94.35
88.61
81.51
73.31
67.08
64.83
63.82
62.62
62.10
63.39
69.88
80.32
87.04
89.97
91.25
91.61
91.68
90.71
89.62
89.26
91.16
93.34
94.05
97.03
94.74
88.91
81.41
72.99
66.59
64.40
63.46
62.29
61.90
63.41
70.71
82.15
88.66
91.18
92.50
93.00
93.21
92.53
91.71
91.20
93.17
95.16
95.53
98.16
95.90
89.91
82.31
73.75
67.22
65.00
63.92
62.73
62.31
63.74
71.27
83.05
89.64
92.08
92.85
92.87
92.78
91.58
90.45
89.87
91.65
93.77
94.48
97.98
95.27
89.15
81.75
73.33
66.97
64.58
63.36
62.03
61.37
62.44
68.80
78.82
85.48
88.49
90.00
90.63
90.94
90.19
89.18
88.72
90.53
92.66
93.62
96.64
93.59
87.87
80.87
73.00
66.80
64.40
63.33
62.21
61.67
62.96
69.59
80.03
86.53
89.48
90.82
91.28
91.44
90.24
88.92
88.26
90.01
92.36
93.87
96.74
93.21
87.32
80.12
71.99
65.69
63.40
62.43
61.03
60.49
61.69
68.19
78.48
84.62
87.96
89.78
90.55
91.04
90.21
88.99
88.27
90.02
92.46
94.30
96.97
93.21
87.53
80.51
72.41
66.10
64.06
63.28
61.90
61.32
62.61
69.30
79.97
86.56
89.60
91.14
91.66
91.70
90.54
88.93
87.99
89.73
92.16
94.11
97.83
94.33
88.53
81.23
73.09
66.56
64.55
63.70
62.45
61.86
63.11
69.87
80.83
87.31
90.07
91.38
91.58
91.43
90.34
89.23
88.87
90.99
93.62
95.87
98.81
94.76
88.59
81.01
72.50
65.93
63.82
63.17
62.00
61.42
62.77
70.36
82.85
89.43
91.68
93.11
93.56
93.70
92.65
91.48
91.05
93.20
95.70
97.63
100.35
96.38
90.27
82.62
73.97
67.44
65.51
65.02
63.83
63.19
64.66
72.56
85.09
91.61
93.53
94.18
93.99
93.67
92.65
91.35
90.69
92.69
95.36
97.70
100.74
96.47
90.18
82.73
74.26
67.65
65.56
]