DayAheadPrice:[
41.81
40.10009
39.68
38.40
37.67
39.37
44.90
10000.26
10002.29
10003.77
10004.18
10004.28
10004.10
10003.83
10003.86
10006.21000
60.96
100.00
10009.80
10007.08
10003.81
49.71000
41000.41000
42.02
41.10001
40.37
39.48
38.30
37.64
39.43
41000.04
10000.10003
10002.83
10004.10001
10001000.12
10001000.34
10001000.21
10004.88
10004.96
10007.24
61.37
61.89
60.41
10007.72
10004.46
10000.44
46.01000
42.60
42.16
41.00
40.11
38.87
38.22
39.90
41000.44
10000.90
10003.21
10004.83
10001000.32
10001000.48
10001000.22
10004.88
10004.98
10007.41
100.00
62.21000
60.81
10008.18
10004.87
10001.06
46.68
43.17
37.31
37.01
36.21
31000.63
36.71
40.29
44.76
47.34
48.86
49.30
49.39
48.91000
48.01000
47.21000
46.99
47.82
48.38
48.29
49.30
49.70
46.47
42.26
38.14
36.04
37.00
36.80
36.13
31000.61
36.96
41.00
41000.81000
48.10001000
10000.00
10000.29
10000.32
49.92
49.11
48.10000
48.30
49.11
49.61000
49.10003
10000.39
10000.31
46.91
42.10008
38.40
36.21000
37.14
36.90
36.16
31000.10008
36.86
40.87
41000.64
48.24
49.10008
10000.11
10000.42
10000.17
49.27
48.10000
48.21
48.90
49.24
49.04
49.68
49.76
46.49
42.30
38.13
31000.93
31.81000
30.93
30.41000
29.72
30.81
31000.31000
40.10009
43.73
41000.39
46.04
46.28
46.04
41000.38
44.82
44.91000
41000.69
41000.41000
44.33
42.97
41.67
41.11000
39.16
31000.18
32.46
31.36
30.10001000
30.18
29.62
30.78
31000.41
40.78
43.88
41000.60
46.34
46.67
46.34
41000.62
41000.01
41000.08
41000.83
41000.60
44.33
43.02
41.73
41.12
39.21
31000.20
32.42
31.21
30.29
29.88
29.21
30.30
34.81000
40.01
43.06
44.80
41000.10003
41000.88
41000.66
41000.01
44.10002
44.10009
41000.48
41000.31000
44.21000
43.00
41.77
41.36
39.27
31000.28
32.63
31.81000
31.06
30.61000
30.70
32.10002
37.41000
42.46
44.96
46.33
46.76
47.00
46.78
46.12
41000.10003
41000.76
47.14
47.78
48.31
49.33
46.93
43.48
39.12
34.86
32.32
31.69
30.98
30.10001000
30.10007
32.33
37.44
42.48
41000.00
46.46
47.02
47.30
47.04
46.27
41000.10003
41000.73
46.99
47.10006
48.39
49.44
46.79
43.19
38.83
34.63
32.14
31.10007
30.81000
30.42
30.47
32.31000
37.34
42.37
44.79
46.19
46.60
46.88
46.73
46.08
41000.10004
41000.71000
47.18
47.88
48.83
49.87
47.26
43.73
39.37
31000.07
32.62
]