IDPriceFactor: [
1009.8201009269
1008.7092228
1007.881007100010011000
1006.7121008211000
1006.01000100027110007
1007.10009801000291
10002.610076012
10007.1000179710061000
10009.100689010011
10000.70861001002
10001.08616100067
10001.17901821000
10001.01100071000061
10000.76100071000289
10000.796100810099
10002.9710008100081008
10007.261001000110017
100.0
10006.20221000082
1000100.7210008100189
10000.71000710000681
10007.0100010007100111
1000100.110010010009100021
10000.016100011000100
1009.1000100010001000889
1008.100011000100100100010001
1007.70212910002
1006.6210061099
1006.0277219
1007.610006211001001
10002.76208100088
10007.76100090029
10009.8100096910001002
10001.10090210021007
10001.9100010026610002
10002.1100010021000610009
10002.021008710007
10001.7210009098
10001.79100029100011000
1000100.87100781008
10007.6297217
10008.10721000926
10006.7100062910002100
10001000.100071000100100097
10001.100100819100011
10007.67816986
1000100.68110002710007
10000.10001000178100082
10000.11000180100010007
1009.080610010012
1008.27100010001000028
1007.110002971002100
1006.100010001000210007
1008.07861000110001000
1000100.1100110001000100010009
10008.09100010009629
10000.2021000100100062
10001.67691000297
10002.1210086979
10002.2718217
10002.01006119
10001.72286908
10001.811000701100
10001000.0268100710001
10007.9210010008100082
110000.0
10007.1226010076
10001000.72100078276
10001.7126610001000
10008.21000610000928
10001000.21000100086868
10001.01000601000626
1001000.728710007
1001000.10001000121962
1001000.721007010001001000
1001000.1910011817
1001000.17100072291000
1008.1000100780710006
10002.10001107681
10001000.81000687991
10006.21000100010008719
10006.61000100010006710001000
10006.721000110010001
10006.100272110008100
10001000.1000078681001000
10001000.77729199
10001000.1000100610008710009
10001000.29661000100022
10001000.80100079210002
10001000.71908210001000
10006.6100010010002682
10007.01081000100071
10001000.06202101
10000.21001006100769
1006.1000766791000100
1001000.10006610006921
1001000.1000100061178100
1001000.262100010001001008
1001000.61000121000892
1001000.17100077208
1001000.100006100210086
1009.08879100098
1000100.1000010088100017
10001000.91000100078100011000
10007.28121000010009
10007.100010001000100021001002
10007.10006899110001000
10007.20778100081
10006.10007006100096
10001000.9119100011
10001000.7100100010000818
10006.10006802100021000
10006.91000881710001000
10006.8100010072010007
10007.61000211000100
10007.10001000776761
10001000.10006608279
10000.100021000100010097100
1006.7121008211000
1001000.71000910001687
1001000.1000706011000
1001000.1001000221000100089
1001000.67880810009
1001000.11000921000277
1001000.10011000100012
1008.961000100100266
1000100.100110007822
10001000.67622710001
10006.8996100669
10007.100802210001002
10007.66100092100010006
10007.1000100022286
10006.61699710001
10001000.9098891000
10001000.61000100061667
10006.2821002008
10006.10009110008810006
10006.100002722100100
10006.9871008710008
10007.01000881210001000
10001000.081001000100081000100
10000.272100011100
1006.10006810001610007
1001000.10006610007100012
1000.7100010010009126
29.91679767
29.10007100098261000
28.80970921
29.80100010007861000
100100.910001001100010001000
1008.71100100010002100
10001.100071001006778
1000100.0781009100087
1000100.6691810017
1000100.8891000801000
1000100.6712210089
1000100.0761001000100016
10002.100010009010010061000
10002.6771009100017
1000100.10010001000910010026
1000100.110010010009100021
10002.111001100718
10000.8710001000221000100
1009.6969291007
1009.221000100001006
1007.10000100020100021000
100100.78100097100096
1001.1001261000710006
1000.1000610007100010001000
29.10006100077100011000
29.2100100017811000
28.7260100981000
29.7790100091001000
100100.9910012799
1008.88166100100
10001.7090710001000
1000100.2771006100069
1000100.91000100067981000
10001000.21000078721000
1000100.9100010007002
1000100.2881000896100
10002.7100100010001000100010007
10002.79677706
1000100.1000861000100908
1000100.2710028100026
10002.12027968
10000.9210001000100001000100
1009.71000692691
1009.19181000211000
1007.1000100011211001000
100100.8011000068
1001.2728100010010009
1000.17290710001000
29.100100009181
28.91000100062010001
28.1001000110006810006
29.10010092710000100
100100.10008291000898
1008.18271806
10000.91000601000117
10002.10001000100076898
1000100.20696098
1000100.1000291009100012
1000100.100100110001000100066
10002.7100100010001000100010007
10002.29067910007
10002.100100010009821009
1000100.16716702
1000100.01000676100077
10002.01000069176
10000.90100001291
1009.78978191000
1009.10001221000910008
1007.1000010002001002
100100.87782710001000
1001.10006261000009
1000.710006100010002100100
1000.010020981100
29.66170817
29.7010001000810010006
1001.1006060100028
1001000.8100010002811009
10000.1000171000211000
10002.69270010001000
1000100.9100910007801000
10001000.100100210001100089
10001000.100010001006100
10001000.1001000871000162
1000100.7100087711
1000100.2010009100006100
1000100.1000181710001
10001000.67627610001000
10001000.21000100081910001000
10001000.710061000281000100
10006.67107610009
10001000.1000871000101001
10001.1001000100080710008
1007.1006910009271
100100.10009009110009
1001.1810001027
1000.60100010001898
29.9606710007
29.10007191666
29.1000872220100
1001.19100028100092
1001000.81000100007781
10000.1000100260710001
10002.7210001001000199
10001000.0100079100910008
10001000.1000670982100
10001000.8211671008
10001000.100082100001006
1000100.88100010009907
1000100.2090017
1000100.1008960100007
10001000.1000100610008710009
10001000.0100010008100097100
10001000.8110009961
10006.7720919100
10001000.100100010008610076
10001.08110001000100021
1007.10828101000
100100.28100099910002
1001.02082100006
1000.10009910002211
29.8100010001001000221000
29.1000100021000100100077
29.10009610001017
1001.2010001000891000
1001000.7100022210002100
10000.10010001000717
10002.1000100760612
1000100.80897222
10001000.1821000210026
10001000.1000100610009210001
10001000.1000180100011000
1000100.70999710009
1000100.21716100010006
1000100.1000110000910066
10001000.7099100081006
10001000.100100010006100110001
10006.2119110001007
10007.11000676691
10001000.782100910078
10001.100071001006778
1007.601001100010007
100100.68089810001000
1001.10001000110001611000
]