IDPriceFactor: [
39.82039269
38.7092228
37.88375315
36.71238214
36.05527157
37.59805291
42.6376012
47.51797365
49.36890311
50.7086332
51.08616567
51.17901825
51.01474061
50.76475289
50.79638399
52.97484838
57.26341317
100.0
56.20224082
53.72583189
50.74740681
47.05473111
43.13349521
40.01630143
39.55305889
38.51433441
37.70212942
36.62361099
36.0277219
37.65621331
42.76208488
47.76490029
49.85969532
51.39023237
51.94326642
52.14325659
52.0238747
51.7249098
51.79429414
53.8737838
57.6297217
58.10724926
56.75629523
54.30743597
51.33819411
47.67816986
43.68142747
40.54178582
40.14180547
39.08063312
38.27455028
37.14297323
36.555247
38.07864154
43.13145449
48.09549629
50.20253562
51.67695297
52.12386979
52.2718217
52.036119
51.72286908
51.8147013
54.02683751
57.92358482
150.0
57.12260376
54.72578276
51.7126655
48.24650928
44.25486868
41.05604626
35.728757
35.45121962
34.72370434
34.19311817
35.17572295
38.43780756
42.51107681
44.85687991
46.24558719
46.64556754
46.7241351
46.32721583
45.50786834
44.77729199
44.53648749
45.29665422
45.80479252
45.71908245
46.64352682
47.01085571
44.06202101
40.23363769
36.47667943
34.56656921
35.44611783
35.26245338
34.65125892
34.17577208
35.40632386
39.08879598
43.50388517
45.95478515
47.28125059
47.54552332
47.56899155
47.20778481
46.47006596
45.91193011
45.73540818
46.46802524
46.95881745
46.85372057
47.63021303
47.55776761
44.46608279
40.52443973
36.71238214
34.75941687
35.5706015
35.35224489
34.67880859
34.14924277
35.315512
38.96533266
43.31307822
45.67622741
46.89963669
47.38022532
47.66592556
47.43022286
46.61699751
45.9098894
45.64561667
46.28232008
46.59148856
46.40272233
46.98738748
47.05881254
44.08344853
40.2724113
36.46851657
34.46657412
30.75349126
29.91679767
29.47498265
28.80970921
29.80557865
33.94313045
38.71330423
41.57336778
43.07839587
43.66918317
43.8895805
43.67122389
43.07635516
42.55903364
42.67739517
43.35593326
43.13349521
42.11313718
40.87442253
39.69692937
39.2245036
37.40520524
33.78497496
31.31264746
30.30657444
29.56477415
29.23417815
28.72603985
29.77904934
33.99312799
38.8816633
41.7090754
43.27736569
43.94467984
44.25078725
43.9457002
43.28858963
42.73555557
42.79677706
43.48653908
43.27328426
42.12027968
40.92544043
39.74692691
39.19185214
37.45112135
33.80130068
31.27285349
30.17290754
29.33009181
28.95562041
28.35156846
29.33927503
33.48294898
38.18271806
40.95605117
42.54576898
43.20696098
43.52939412
43.33144466
42.73555557
42.29067947
42.35598239
43.16716702
43.04676477
42.04069176
40.90401291
39.78978195
39.41224948
37.50520032
33.87782754
31.46264009
30.75655233
30.03209813
29.66170817
29.70558356
31.36060428
35.85528139
40.41730214
42.69270054
43.93957805
44.33241589
44.54363
44.34874162
43.7487711
43.20594063
43.4181751
44.67627654
45.25481954
45.73642853
46.67107649
44.48751031
41.34480758
37.36949271
33.49009149
31.1851027
30.60451898
29.96067307
29.57191666
29.58722203
31.19428592
35.84507781
40.43260751
42.72535199
44.05793958
44.56709823
44.82116738
44.5824036
43.88549907
43.2090017
43.38960507
44.53648749
45.05584973
45.8149961
46.77209193
44.35486376
41.08155521
37.10828105
33.28499952
31.02082506
30.49942211
29.84435225
29.45253477
29.49641017
31.2044895
35.75222523
40.3305717
42.53760612
43.80897222
44.18242326
44.43649241
44.30180515
43.70999749
43.21716456
43.41409366
44.70994836
45.34563141
46.21191537
47.15676691
44.78239378
41.57336778
37.6031547
33.68089844
31.45141615
]