IDPriceFactor: [
39.38007483
38.2065456
37.376252
36.19711268
36.42457641
39.77737134
45.48946492
48.60357594
50.13462102
50.97205474
51.13678744
51.14137751
50.8537328
50.74204097
51.33059061
55.36169665
57.97242942
57.11306534
55.02152108
52.32867696
48.9799621
45.08502829
41.24772543
39.66465949
39.15312111
38.01784251
37.23548969
36.14356181
36.43171653
39.87580295
45.64960754
48.98251214
50.71705056
51.74012732
52.06500264
52.13895386
51.8365189
51.71003683
52.32306687
56.02878758
58.21213335
57.58992316
55.60446063
52.88764612
49.61645253
45.6715379
41.76283387
40.22974875
39.73657067
38.57732168
37.79343884
36.66530035
36.90653431
40.28482965
45.97397286
49.32472775
51.04498593
51.97575118
52.21188505
52.22055519
51.81458854
51.72176702
52.40313818
56.24554113
58.52833853
57.95202909
55.97676673
53.31044305
50.03771943
46.29017804
42.31823296
40.64693558
40.08388636
38.92922744
38.17543509
37.0223062
37.25333999
40.6234752
46.33454876
49.66235328
51.354561
52.2822662
52.575011
52.59796137
52.27512609
52.20168488
52.86571576
56.62906742
58.95164547
58.09993151
56.13639934
53.43794514
50.17389166
46.2636576
42.25805198
40.56329421
40.00483506
38.94707774
38.2249059
37.08401721
37.25487001
40.67906611
46.45338071
49.91531743
51.53612398
52.42149848
52.68364278
52.79329457
52.58419115
52.60663152
53.3441036
56.9330324
58.85474388
58.19173302
56.28226173
53.64806858
50.31210393
46.29374809
42.12697983
40.35113074
39.88345308
38.83130584
38.00611232
36.94019486
37.36809187
41.17122417
47.68199084
51.22501888
52.453119
53.15081043
53.55116699
53.87961237
53.74650019
53.70314948
54.23457819
57.62562374
59.39025265
58.57933937
56.7014886
54.01680462
50.47887666
46.18970639
41.97040727
40.11346684
39.66924957
38.5543713
37.71387753
36.52198801
36.9243846
40.88714952
47.62384988
51.45044258
52.69282293
53.26199225
53.37980418
53.42315489
53.15234046
53.17988091
53.89440261
57.37163958
59.3443519
58.6303402
56.65915791
53.95356358
50.55231786
46.52733192
42.48296566
40.75964743
40.20373832
38.94248766
38.03110273
36.81320278
37.04882664
40.32971039
45.89339154
49.32013767
51.05263606
51.97932124
52.15935419
52.16139422
51.87680956
51.83090881
52.48014944
56.10120877
58.51813836
57.84492733
55.90332553
53.3318634
50.05148966
46.22846702
42.3386333
40.63418537
39.98596475
38.81396555
37.99744218
36.78260227
36.95804515
40.18690805
45.55117593
48.92233116
50.78845173
51.86762941
52.30776662
52.47249932
52.13436378
51.93495051
52.44189882
56.02419751
58.52323845
57.69192483
55.55549983
53.00035797
49.78271525
46.01273349
42.26009201
40.70150648
40.12621705
38.93993762
38.26570657
37.17989878
37.39716234
40.43528212
45.50731521
48.9187611
50.98684498
52.08948304
52.41231833
52.45617905
52.18689464
52.15629414
52.8009447
56.2496212
58.58443945
57.7939265
55.69014203
53.08858941
49.94030784
46.08158462
42.2779423
40.60307486
39.99259486
38.78336505
38.03977287
36.87440378
37.02485624
40.01452522
44.97231645
48.60051589
50.93686416
52.05225243
52.38783793
52.45617905
52.18689464
52.12467362
52.69537297
55.89057532
58.09483143
57.38081973
55.38413702
52.88458607
49.77404511
45.97295284
42.26876215
40.55258404
39.86356275
38.60588215
37.76589838
36.53779826
36.59593922
39.41118534
44.1027522
47.92016474
50.60484872
51.85640923
52.23840548
52.41894844
52.2149451
52.08336294
52.53472034
55.2729552
57.27728804
56.54440603
54.51202273
52.07367279
49.09420397
45.47518468
41.64145188
39.88651313
39.22452228
37.94899138
37.11512772
35.98596922
36.19660267
39.2133021
44.17772343
47.90996457
50.34270443
51.25204933
51.41882206
51.33212064
50.91034373
50.78743171
51.29131997
54.31770955
56.85194107
56.25421127
54.2962892
51.82835877
48.82848962
45.19774014
41.46906905
39.74932088
38.96390801
37.56087503
36.62857975
35.49942125
35.76768565
38.63648265
43.1444465
47.00877981
49.74599465
50.82721237
51.1225072
51.17809811
50.86801303
50.64105932
50.9633846
53.32625331
55.51520917
55.10465244
53.10235964
50.65686957
47.63047999
44.28482518
40.83767871
39.12609067
35.75340541
35.08529447
34.38046292
34.37026275
36.61582954
40.54850397
43.89364877
45.66898786
46.51560173
46.70838489
46.6176034
45.90257169
45.14928934
44.51534896
44.83461419
45.67816801
45.76078936
45.91277185
47.32600501
45.73222889
42.22949151
38.23918614
35.11079489
34.93994209
35.50605136
34.96034242
34.3304821
34.44727402
37.04627659
41.40072793
44.95395614
46.76601583
47.47492745
47.55907882
47.49175772
46.79508631
46.20041657
45.71335859
46.00304333
46.84761717
46.90728815
47.01744995
48.07928735
46.18919638
42.57425716
38.48654019
35.33927863
35.08988454
35.61366312
35.03174359
34.31875191
34.39372314
36.92387459
41.25384553
44.74740276
46.38503959
47.18014262
47.54428858
47.66057049
47.01642993
46.26161757
45.65368761
45.88727143
46.56405252
46.49724143
46.4589908
47.48614763
45.76384941
42.23153154
38.28457688
35.04959388
34.83131031
35.36885911
34.76806927
34.03926733
34.0010167
36.01911977
39.64578918
43.00572423
45.03198742
46.07750455
46.42533025
46.49214134
45.8668711
45.10899868
44.6459111
44.9937368
45.90512173
45.96020263
45.88625142
46.85016721
45.19009001
41.74702361
37.81026911
34.64923732
34.48144458
34.99910306
34.36516267
33.70215181
33.84393413
36.33328491
40.47863283
44.01452075
46.03007377
46.81038656
46.96950917
46.86597747
46.18052624
45.49507501
45.03351745
45.33901245
46.09331481
46.00253332
45.86381105
47.08069099
45.68428811
42.17696065
38.23867613
35.02511348
34.7940797
35.40200966
34.83794042
34.15299919
34.34833239
36.84635332
41.06769248
44.44343778
46.18766636
46.92054836
47.14495204
47.22349333
46.63851374
46.04792407
45.64552747
46.10300497
46.91901834
46.57221266
46.23356711
47.29132444
45.92501205
42.24377174
37.99387212
34.65943749
34.33354215
34.90934159
34.30906175
33.63687074
33.9520559
36.86471362
41.75926381
45.40072346
46.86087739
47.26837406
47.30203461
47.12557172
46.42380022
45.81485025
45.32575224
45.6225771
46.3370988
46.0193636
45.71335859
46.96338906
45.8179103
42.35954364
38.28151683
34.96187245
34.48756468
34.79764976
34.14687909
33.469588
33.67461136
35.93394837
40.09153648
43.65955494
45.49711504
46.1412556
46.1840963
46.10402499
45.41041362
44.68161168
44.17364336
44.35775638
45.08451828
44.97741653
44.74332269
45.69856834
44.37662669
41.11104319
37.4435731
34.31620187
33.90564514
34.16064932
33.4145071
32.74639615
32.73160591
34.35088244
37.50273407
40.76270748
42.94044316
43.97423009
44.19353369
44.12978264
43.50553242
42.83130137
42.45695524
42.89913248
44.0537914
44.29910542
44.11805245
44.96670635
43.82530765
40.6846762
36.9733454
33.87657467
33.48386823
33.77559301
33.11258215
32.51638238
32.76577647
34.97156261
39.14547099
42.82212122
44.75505289
45.48640487
45.69244824
45.75415925
45.13296908
44.40467715
43.91098906
44.20781392
45.00393696
44.89683521
44.62857081
45.52057543
44.63418091
41.34564703
37.42011272
34.18869978
33.76590285
34.09536825
33.41654713
32.77240658
33.05699124
35.2704275
39.56928793
43.2479782
45.18141987
45.95714258
46.17032607
46.12850539
45.41806375
44.58216005
44.08541192
44.34500617
45.1467393
44.99322679
44.56379975
45.41449369
44.68212169
41.45529883
37.6327862
34.48807468
34.01988701
34.29427151
33.60321019
32.93356922
33.02588073
34.77265935
38.48603018
41.88217582
43.86049823
44.71680226
44.93967591
44.89071511
44.27564503
43.58917379
43.21992774
43.73962625
44.7805533
44.82135397
44.51330893
45.31249202
44.37560667
40.95651066
36.94784498
33.71847208
33.33341577
33.67665139
33.02282068
32.46895161
32.89429857
35.41373985
40.13947727
43.93240941
45.78577977
46.5140717
46.82721683
46.86954753
46.30547829
45.70264841
45.2931117
45.58942656
46.31159839
46.01222348
45.52618552
46.3304687
45.50119511
41.96989726
37.78731873
34.57987619
34.05660762
34.31161179
33.65472103
33.07994161
33.5063086
36.17824237
41.22987513
45.04167758
46.65942408
46.97460925
46.82313677
46.65330398
45.89849162
45.24466091
44.77851327
45.11256874
45.93776226
45.72967885
45.17886983
45.71641864
45.03861753
41.65063203
37.54404475
34.1963499
33.63381069
30.31110625
29.6669657
29.14573716
28.9223535
31.56470679
36.49240752
40.37459112
42.47684556
43.42750114
43.81255745
43.86100824
43.37497028
42.80070087
42.47582555
43.04550488
43.40608079
42.66299861
41.49813953
40.25014908
39.3785448
38.71502393
35.58255261
32.31339906
30.73186315
29.90462959
29.36555076
28.9952847
28.86013248
31.58561713
36.59848926
40.53983383
42.62831804
43.66159497
44.15069298
44.18078348
43.61314418
42.99654408
42.62729803
43.14750655
43.5779536
42.7109394
41.53333011
40.30369996
39.37446474
38.72777414
35.62335328
32.30166886
30.65128183
29.72153659
29.09830638
28.67550946
28.44804573
31.12354956
35.9905593
39.81103189
41.8566754
42.95421338
43.39741064
43.5228727
43.02306451
42.50030595
42.19175089
42.75327009
43.30050906
42.5584469
41.50527965
40.28380963
39.54429752
38.86139633
35.67078406
32.431721
30.88078559
30.00306121
29.4226717
29.05852573
28.86982264
31.48463548
36.43120652
40.29859988
42.41462454
43.39537061
43.85539815
43.93597947
43.40149071
42.79560078
42.4666454
43.01133432
43.43464125
42.68849903
41.66542227
40.38428128
39.58917825
38.97920826
35.84163686
32.53015261
30.91648617
29.96991066
29.39054117
29.03353532
28.86676259
31.52339611
36.49444755
40.42049187
42.49622588
43.43668129
43.85896821
43.96555995
43.40557078
42.81141104
42.50897609
43.1260862
43.56214334
42.71603948
41.60320125
40.31492014
39.54072746
38.87720659
35.54634202
32.14968637
30.59263087
29.75723718
29.23192857
28.99222465
28.90960329
31.88346201
37.33596134
41.36553736
43.36783016
44.28533519
44.75556289
45.00087691
44.62653078
44.11550241
43.79215711
44.48219842
44.75046281
43.77736687
42.41972463
41.04984218
40.35266076
39.50706691
36.01197965
32.60563384
31.01950786
30.20553452
29.64299531
29.39462124
29.37065085
32.43988113
38.03263275
42.12952987
44.10224219
44.86929476
45.1773398
45.28546158
44.8596046
44.29910542
43.89364877
44.42456747
44.83461419
43.88497863
42.58088727
41.18754444
40.36184091
39.5799981
36.25882369
32.86471809
31.17914047
30.21114462
29.61851491
29.26252908
28.96978428
31.54991655
36.32461477
40.13794724
42.15707032
43.08732556
43.60651407
43.76359664
43.22349779
42.58343731
42.23051153
42.75735016
43.19034725
42.40289435
41.32218665
40.12621705
39.44790594
38.97461819
35.92119816
32.52199247
30.84151494
29.96634061
29.3675908
29.03965542
28.78414124
31.37753372
36.27565397
40.23739887
42.38861412
43.31784934
43.79419714
43.97015003
43.49635226
42.92718294
42.6380082
43.12353616
43.56520339
42.82416125
41.69041268
40.45925251
39.7508509
39.04142928
35.82480658
32.51179231
30.88945573
30.03060166
29.43032182
29.11054659
28.89685308
31.44791488
36.23587332
40.11550688
42.16064038
43.14240647
43.60804409
43.76461666
43.31682932
42.71450946
42.40901445
42.930753
43.40047069
42.77265041
41.76895397
40.54697395
39.85540262
39.03683921
35.85234703
32.53117262
30.91138609
30.00510124
29.42726177
29.17123758
28.97437435
31.44281479
36.24403345
40.18639804
42.31160286
43.25868837
43.70239564
43.80541733
43.38568045
42.7231796
42.38657408
42.97767377
43.47340189
42.70073923
41.57413077
40.41743182
39.82072205
39.03428916
35.68455429
32.38837029
30.79051411
29.94543026
29.40176136
29.13757703
28.92082348
31.47800537
36.41947633
40.36847102
42.39881428
43.32447945
43.78399698
43.90333893
43.45045151
42.89760246
42.63851821
43.28316877
43.81816754
43.11945609
41.96785722
40.67039597
40.0252354
39.14802103
35.7156648
32.37358004
30.77368383
29.96073051
29.41604159
29.20234809
29.12125676
31.97679354
37.34973157
41.31606655
43.18014708
43.9808602
44.45108791
44.60460042
44.18537355
43.68403534
43.39945068
44.12417255
44.58879016
43.70188563
42.51407617
41.25537555
40.49036302
39.47442637
35.95128866
32.55106295
30.98380727
30.15912376
29.64554535
29.45429222
29.41859163
32.39092033
37.8765702
41.94694688
43.846218
44.61174054
44.98965673
45.03351745
44.50106873
43.91455912
43.5779536
44.14814294
44.52707915
43.58509372
42.24071169
40.94580048
40.30573999
39.36579459
35.89110767
32.50873226
30.81958458
30.3870975
29.80415795
29.59709456
30.18360416
33.38543662
38.33914778
41.79802444
43.42852115
44.18027347
44.45006789
44.53472928
44.05073135
43.45963166
43.12761622
44.01248072
45.12429894
45.30739193
46.47837112
45.83678061
43.02000446
39.43566574
35.31122817
32.06502499
30.81601453
30.30549616
29.71184644
29.50988313
30.0147914
33.30026522
38.35750808
41.8077146
43.50094234
44.35724637
44.72700243
44.77953329
44.25677472
43.52032266
43.11741606
43.93750949
44.91927558
45.20998034
46.67064427
45.77863966
42.82059119
39.16332128
35.06540414
31.89162215
30.68443237
30.18768423
29.61596487
29.36504075
30.02193152
33.22682402
38.28508689
41.649102
43.29540897
44.04512126
44.30471551
44.46332811
44.0109507
43.44688145
43.13628637
44.02523093
45.16050953
45.55066592
47.07763094
46.17083608
43.28265876
39.66669952
35.52492167
32.26902833
31.16639027
30.6864724
30.11016296
29.8561788
30.48552911
33.79497333
39.02918908
42.42737475
43.96657997
44.65917132
44.95497616
45.0243373
44.45822802
43.84978806
43.53205285
44.43068757
45.49150495
45.96122265
47.49124771
46.26620764
43.35150989
39.74677084
35.58306262
32.41540073
31.271962
30.75889359
30.15300366
29.88728931
30.54265005
33.83781403
39.14088091
42.55385682
44.04206121
44.6948719
44.87694488
44.91315548
44.41793736
43.86610832
43.68046528
44.64846114
45.75262923
46.1172852
47.62792995
46.4651109
43.50400239
39.69730003
35.41781992
32.16804668
31.05469844
30.57682061
29.98266087
29.78375761
30.55438024
34.25755091
40.06858611
43.38007036
44.65764129
45.33034231
45.58126642
45.68887818
45.34564256
44.92539568
44.66835147
45.66745783
46.67982442
46.86597747
48.20168935
47.05417055
44.01197071
40.15069745
35.80491626
32.48731191
31.35917342
30.80938442
30.20757456
29.99286104
30.7170729
34.54519562
40.52912365
43.87783851
45.11307875
45.50476517
45.51751538
45.46906458
44.86062462
44.28686522
43.9931004
44.89887524
45.97499287
46.33403875
48.1129479
46.73286529
43.62793442
39.86764282
35.59275278
32.35980982
31.14496991
30.5273498
29.84852868
29.51804326
30.0576321
33.28904504
38.38147847
41.76334387
43.29234892
44.05838147
44.38070675
44.53727932
44.15630308
43.64068463
43.40965084
44.32613586
45.40837359
45.89696159
47.43157673
45.88421138
42.97410371
39.42240552
35.42240999
32.2731084
31.05571845
30.5094995
29.9418602
29.66951574
30.32181643
33.69297166
38.9934885
42.29426257
43.79419714
44.47352827
44.70762211
44.79126348
44.17976346
43.50910247
43.175047
44.06297155
45.25537108
46.02344367
47.48002753
45.69091822
42.6986992
39.04193929
34.91189163
31.70852915
30.54622011
30.05406204
29.34515043
29.0687259
29.67716587
32.98202001
38.20807563
41.3252467
43.02102448
43.94770966
44.33735604
44.58726014
44.16344319
43.54531307
43.17912707
44.0660316
45.30892196
46.24478729
47.59732945
45.6898982
42.80580095
39.23676248
35.1240551
31.92069262
30.8818056
30.4850191
29.78579765
29.4899928
30.14688356
33.54557924
38.96492803
42.31109285
43.85641816
44.63724096
44.89989526
44.92182562
44.33378598
43.51522257
43.03989479
43.92067922
45.15540944
46.1473757
48.03491662
46.26008754
43.31376927
39.60498851
35.46984077
32.15223642
31.13119969
30.6982026
30.06222218
29.76284727
30.39729767
33.83322396
39.40149518
42.69308911
44.09612209
44.75811294
44.86062462
44.78565339
44.22923427
43.66567504
43.48564209
44.56277974
45.89594158
47.03989032
48.53472481
46.47837112
43.34130972
39.49074664
35.17046586
31.83093115
30.76144363
30.4299382
29.83679848
29.54048363
30.22695488
34.080068
40.42661197
43.77073676
44.91366548
45.63583732
45.86636109
45.93878228
45.40225349
44.80860376
44.58930017
45.68530813
46.95267889
47.93648501
49.31401757
47.29795455
44.19710375
40.30778003
35.91813811
32.59645369
31.6202977
31.36784357
30.76756373
30.43860834
31.18883063
35.19902633
41.56597064
44.87745489
45.85361088
46.18358629
46.08413466
45.92450204
45.40327351
44.74230268
44.41079725
45.42520386
46.78080607
47.97065557
49.51547088
47.34538532
44.14967297
40.36439095
36.06502052
32.70457547
31.64171805
]