Demand:[
64715
62414
60786
58474
58920
65494
76694
82800
85802
87444
87767
87776
87212
86993
88147
96051
101170
99485
95384
90104
83538
75901
68377
65273
64270
62044
60510
58369
58934
65687
77008
83543
86944
88950
89587
89732
89139
88891
90093
97359
101640
100420
96527
91200
84786
77051
69387
66381
65414
63141
61604
59392
59865
66489
77644
84214
87587
89412
89875
89892
89096
88914
90250
97784
102260
101130
97257
92029
85612
78264
70476
67199
66095
63831
62353
60092
60545
67153
78351
84876
88194
90013
90587
90632
89999
89855
91157
98536
103090
101420
97570
92279
85879
78212
70358
67035
65940
63866
62450
60213
60548
67262
78584
85372
88550
90286
90800
91015
90605
90649
92095
99132
102900
101600
97856
92691
86150
78271
70101
66619
65702
63639
62021
59931
60770
68227
80993
87940
90348
91716
92501
93145
92884
92799
93841
100490
103950
102360
98678
93414
86477
78067
69794
66153
65282
63096
61448
59111
59900
67670
80879
88382
90818
91934
92165
92250
91719
91773
93174
99992
103860
102460
98595
93290
86621
78729
70799
67420
66330
63857
62070
59682
60144
66577
77486
84205
87602
89419
89772
89776
89218
89128
90401
97501
102240
100920
97113
92071
85639
78143
70516
67174
65903
63605
62004
59622
59966
66297
76815
83425
87084
89200
90063
90386
89723
89332
90326
97350
102250
100620
96431
91421
85112
77720
70362
67306
66178
63852
62530
60401
60827
66784
76729
83418
87473
89635
90268
90354
89826
89766
91030
97792
102370
100820
96695
91594
85421
77855
70397
67113
65916
63545
62087
59802
60097
65959
75680
82794
87375
89562
90220
90354
89826
89704
90823
97088
101410
100010
96095
91194
85095
77642
70379
67014
65663
63197
61550
59142
59256
64776
73975
81460
86724
89178
89927
90281
89881
89623
90508
95877
99807
98370
94385
89604
83762
76666
69149
65708
64410
61909
60274
58060
58473
64388
74122
81440
86210
87993
88320
88150
87323
87082
88070
94004
98973
97801
93962
89123
83241
76122
68811
65439
63899
61148
59320
57106
57632
63257
72096
79673
85040
87160
87739
87848
87240
86795
87427
92060
96352
95547
91621
86826
80892
74332
67573
64217
57604
56294
54912
54892
59295
67006
73565
77046
78706
79084
78906
77504
76027
74784
75410
77064
77226
77524
80295
77170
70302
62478
56344
56009
57119
56049
54814
55043
60139
68677
75644
79197
80587
80752
80620
79254
78088
77133
77701
79357
79474
79690
81772
78066
70978
62963
56792
56303
57330
56189
54791
54938
59899
68389
75239
78450
80009
80723
80951
79688
78208
77016
77474
78801
78670
78595
80609
77232
70306
62567
56224
55796
56850
55672
54243
54168
58125
65236
71824
75797
77847
78529
78660
77434
75948
75040
75722
77509
77617
77472
79362
76107
69356
61637
55439
55110
56125
54882
53582
53860
58741
66869
73802
77754
79284
79596
79393
78049
76705
75800
76399
77878
77700
77428
79814
77076
70199
62477
56176
55723
56915
55809
54466
54849
59747
68024
74643
78063
79500
79940
80094
78947
77789
77000
77897
79497
78817
78153
80227
77548
70330
61997
55459
54820
55949
54772
53454
54072
59783
69380
76520
79383
80182
80248
79902
78526
77332
76373
76955
78356
77733
77133
79584
77338
70557
62561
56052
55122
55730
54454
53126
53528
57958
66110
73106
76709
77972
78056
77899
76539
75110
74114
74475
75900
75690
75231
77104
74512
68109
60918
54786
53981
54481
53018
51708
51679
54854
61034
67426
71696
73723
74153
74028
72804
71482
70748
71615
73879
74360
74005
75669
73431
67273
59996
53924
53154
53726
52426
51257
51746
56071
64255
71464
75254
76688
77092
77213
75995
74567
73599
74181
75742
75532
75006
76755
75017
68569
60872
54536
53707
54353
53022
51759
52317
56657
65086
72299
76090
77611
78029
77947
76554
74915
73941
74450
76022
75721
74879
76547
75111
68784
61289
55123
54205
54743
53388
52075
52256
55681
62962
69621
73500
75179
75616
75520
74314
72968
72244
73263
75304
75384
74780
76347
74510
67806
59946
53614
52859
53532
52250
51164
51998
56938
66204
73641
77275
78703
79317
79400
78294
77112
76309
76890
78306
77719
76766
78343
76717
69793
61592
55303
54277
54777
53489
52362
53198
58437
68342
75816
78988
79606
79309
78976
77496
76214
75300
75955
77573
77165
76085
77139
75810
69167
61115
54551
53448
46933
45670
44648
44210
49391
59053
66665
70787
72651
73406
73501
72548
71422
70785
71902
72609
71152
68868
66421
64712
63411
57269
50859
47758
46136
45079
44353
44088
49432
59261
66989
71084
73110
74069
74128
73015
71806
71082
72102
72946
71246
68937
66526
64704
63436
57349
50836
47600
45777
44555
43726
43280
48526
58069
65560
69571
71723
72592
72838
71858
70833
70228
71329
72402
70947
68882
66487
65037
63698
57442
51091
48050
46329
45191
44477
44107
49234
58933
66516
70665
72588
73490
73648
72600
71412
70767
71835
72665
71202
69196
66684
65125
63929
57777
51284
48120
46264
45128
44428
44101
49310
59057
66755
70825
72669
73497
73706
72608
71443
70850
72060
72915
71256
69074
66548
65030
63729
57198
50538
47485
45847
44817
44347
44185
50016
60707
68608
72534
74333
75255
75736
75002
74000
73366
74719
75245
73337
70675
67989
66622
64964
58111
51432
48322
46726
45623
45136
45089
51107
62073
70106
73974
75478
76082
76294
75459
74360
73565
74606
75410
73548
70991
68259
66640
65107
58595
51940
48635
46737
45575
44877
44303
49362
58724
66201
70160
71984
73002
73310
72251
70996
70304
71337
72186
70642
68523
66178
64848
63920
57933
51268
47973
46257
45083
44440
43939
49024
58628
66396
70614
72436
73370
73715
72786
71670
71103
72055
72921
71468
69245
66831
65442
64051
57744
51248
48067
46383
45206
44579
44160
49162
58550
66157
70167
72092
73005
73312
72434
71253
70654
71677
72598
71367
69399
67003
65647
64042
57798
51286
48110
46333
45200
44698
44312
49152
58566
66296
70463
72320
73190
73392
72569
71270
70610
71769
72741
71226
69017
66749
65579
64037
57469
51006
47873
46216
45150
44632
44207
49221
58910
66653
70634
72449
73350
73584
72696
71612
71104
72368
73417
72047
69789
67245
65980
64260
57530
50977
47840
46246
45178
44759
44600
50199
60734
68511
72166
73736
74658
74959
74137
73154
72596
74017
74928
73189
70860
68392
66892
64900
57992
51325
48252
46635
45628
45253
45183
51011
61767
69748
73472
74973
75714
75800
74756
73606
72946
74064
74807
72960
70324
67785
66530
64687
57874
51242
47930
47082
45939
45533
46683
52961
62674
69456
72653
74127
74656
74822
73873
72714
72063
73798
75978
76337
78633
77375
71852
64824
56737
50372
47923
46922
45758
45362
46352
52794
62710
69475
72795
74474
75199
75302
74277
72833
72043
73651
75576
76146
79010
77261
71461
64290
56255
50032
47665
46691
45570
45078
46366
52650
62568
69164
72392
73862
74371
74682
73795
72689
72080
73823
76049
76814
79808
78030
72367
65277
57156
50772
48610
47669
46539
46041
47275
53764
64027
70690
73708
75066
75646
75782
74672
73479
72856
74618
76698
77619
80619
78217
72502
65434
57270
51059
48817
47811
46623
46102
47387
53848
64246
70938
73856
75136
75493
75564
74593
73511
73147
75045
77210
77925
80887
78607
72801
65337
56946
50574
48391
47454
46289
45899
47410
54671
66065
72558
75063
76382
76874
77085
76412
75588
75084
77043
79028
79393
82012
79762
73797
66226
57705
51200
48988
47910
46730
46309
47729
55235
66968
73534
75956
76724
76749
76654
75461
74336
73760
75536
77646
78350
81838
79132
73044
65671
57289
50950
48568
47357
46026
45378
46436
52772
62757
69388
72386
73888
74520
74827
74080
73069
72616
74413
76535
77493
80502
77468
71762
64798
56955
50780
48393
47322
46209
45675
46954
53564
63957
70429
73370
74702
75161
75325
74126
72811
72156
73897
76235
77741
80597
77089
71222
64052
55954
49673
47394
46429
45039
44497
45690
52170
62417
68529
71854
73671
74435
74925
74094
72882
72164
73903
76340
78175
80827
77087
71432
64434
56370
50089
48052
47274
45903
45323
46611
53275
63901
70462
73492
75023
75538
75581
74428
72823
71891
73618
76039
77984
81685
78205
72428
65156
57048
50543
48541
47692
46445
45858
47102
53839
64757
71211
73962
75260
75461
75314
74223
73118
72765
74877
77491
79734
82665
78633
72482
64932
56461
49913
47816
47166
46003
45422
46768
54323
66767
73324
75565
76981
77433
77575
76523
75359
74929
77078
79563
81492
84193
80240
74160
66534
57927
51414
49500
49005
47828
47183
48654
56517
69001
75494
77408
78055
77860
77547
76525
75229
74579
76568
79226
81559
84588
80333
74067
66645
58215
51626
49542
]